1,L1 LogReg::search_on_edge,True
1,L1 LogReg::score_variation,0.018716077110235634
1,L1 LogReg::all_cv_scores,[0.8905     0.8905     0.8904     0.89036667 0.89033333 0.89033333
 0.89033333 0.89033333]
1,L1 LogReg::roc_auc,0.6472327382155829
1,L1 LogReg::search_on_edge,True
1,L1 LogReg::score_variation,0.018716077110235634
1,L1 LogReg::all_cv_scores,[0.8905     0.8905     0.8905     0.8904     0.89036667 0.89033333
 0.89033333 0.89033333 0.89033333]
1,L1 LogReg::roc_auc,0.6311396603518699
1,L1 LogReg::search_on_edge,True
1,L1 LogReg::score_variation,0.018716077110235634
1,L1 LogReg::all_cv_scores,[0.8905     0.8905     0.8904     0.89036667 0.89033333 0.89033333
 0.89033333 0.89033333]
1,L1 LogReg::roc_auc,0.6472327382155829
1,L1 LogReg::search_on_edge,True
1,L1 LogReg::score_variation,0.018716077110235634
1,L1 LogReg::all_cv_scores,[0.8905     0.8905     0.8904     0.89036667 0.89033333 0.89033333
 0.89033333 0.89033333]
1,L1 LogReg::roc_auc,0.6472327382155829
1,L1 LogReg::search_on_edge,True
1,L1 LogReg::score_variation,0.018716077110235634
1,L1 LogReg::all_cv_scores,[0.8905     0.8905     0.8904     0.89036667 0.89033333 0.89033333
 0.89033333 0.89033333]
1,L1 LogReg::roc_auc,0.6472327382155829
1,L2 LogReg::search_on_edge,True
1,L2 LogReg::score_variation,0.018716077110235634
1,L2 LogReg::all_cv_scores,[0.8905     0.8905     0.8904     0.89036667 0.89033333 0.89033333
 0.89033333 0.89033333]
1,L2 LogReg::roc_auc,0.6472327382155829
1,Decision Tree::search_on_edge,True
1,Decision Tree::score_variation,0.6176305446378383
1,Decision Tree::all_cv_scores,[0.8905     0.8905     0.8905     0.8905     0.8905     0.8905
 0.8905     0.8905     0.8905     0.8905     0.8905     0.8905
 0.8905     0.8905     0.8905     0.8905     0.8905     0.8905
 0.88936667 0.88936667 0.88936667 0.88936667 0.88936667 0.88936667
 0.88936667 0.88936667 0.88936667 0.88913333 0.88913333 0.88913333
 0.88913333 0.88913333 0.88913333 0.88913333 0.88913333 0.88913333
 0.8889     0.8889     0.88886667 0.88893333 0.8889     0.88886667
 0.8889     0.88883333 0.88886667 0.88786667 0.88773333 0.88793333
 0.88783333 0.8879     0.8877     0.88763333 0.88773333 0.88773333
 0.88776667 0.88753333 0.8875     0.88756667 0.88753333 0.88753333
 0.88743333 0.8875     0.88746667 0.88726667 0.88716667 0.88703333
 0.8869     0.8869     0.88713333 0.88676667 0.88676667 0.88693333
 0.88643333 0.88603333 0.8859     0.886      0.88613333 0.88613333
 0.88596667 0.88586667 0.8859     0.8851     0.88533333 0.8851
 0.88516667 0.88503333 0.8853     0.885      0.88523333 0.88523333]
1,Decision Tree::roc_auc,0.519080129940796
1,Decision Tree::search_on_edge,True
1,Decision Tree::score_variation,0.5577390978850842
1,Decision Tree::all_cv_scores,[0.8905     0.8905     0.88936667 0.88913333 0.88886667 0.8878
 0.8877     0.88713333 0.8864     0.88553333]
1,Decision Tree::roc_auc,0.519080129940796
1,Decision Tree::search_on_edge,True
1,Decision Tree::score_variation,0.6176305446378383
1,Decision Tree::all_cv_scores,[0.8905     0.8905     0.8905     0.8905     0.8905     0.8905
 0.8905     0.8905     0.8905     0.8905     0.8905     0.8905
 0.8905     0.8905     0.8905     0.8905     0.8905     0.8905
 0.88936667 0.88936667 0.88936667 0.88936667 0.88936667 0.88936667
 0.88936667 0.88936667 0.88936667 0.88913333 0.88913333 0.88913333
 0.88913333 0.88913333 0.88913333 0.88913333 0.88913333 0.88913333
 0.8889     0.8889     0.88886667 0.88893333 0.8889     0.88886667
 0.8889     0.88883333 0.88886667 0.88786667 0.88773333 0.88793333
 0.88783333 0.8879     0.8877     0.88763333 0.88773333 0.88773333
 0.88776667 0.88753333 0.8875     0.88756667 0.88753333 0.88753333
 0.88743333 0.8875     0.88746667 0.88726667 0.88716667 0.88703333
 0.8869     0.8869     0.88713333 0.88676667 0.88676667 0.88693333
 0.88643333 0.88603333 0.8859     0.886      0.88613333 0.88613333
 0.88596667 0.88586667 0.8859     0.8851     0.88533333 0.8851
 0.88516667 0.88503333 0.8853     0.885      0.88523333 0.88523333]
1,Decision Tree::roc_auc,0.519080129940796
1,Decision Tree::search_on_edge,True
1,Decision Tree::score_variation,0.5577390978850842
1,Decision Tree::all_cv_scores,[0.8905     0.8905     0.88936667 0.88913333 0.88886667 0.8878
 0.8877     0.88713333 0.8864     0.88553333]
1,Decision Tree::roc_auc,0.519080129940796
1,Decision Tree::search_on_edge,True
1,Decision Tree::score_variation,0.5727119595732727
1,Decision Tree::all_cv_scores,[0.8905     0.8905     0.8905     0.8905     0.8905     0.88936667
 0.88936667 0.88913333 0.88913333 0.8889     0.88896667 0.8878
 0.88773333 0.88763333 0.88786667 0.88733333 0.88716667 0.88603333
 0.88606667 0.8854    ]
1,Decision Tree::roc_auc,0.519080129940796
1,L1 LogReg::search_on_edge,False
1,L1 LogReg::score_variation,0.09170869982074108
1,L1 LogReg::all_cv_scores,[0.79943333 0.7989     0.79963333 0.79943333 0.7995     0.79953333
 0.7996     0.79956667]
1,L1 LogReg::roc_auc,0.6874125913369833
1,L1 LogReg::search_on_edge,False
1,L1 LogReg::score_variation,0.09170869982074108
1,L1 LogReg::all_cv_scores,[0.79943333 0.7989     0.79963333 0.79943333 0.7995     0.79953333
 0.7996     0.79956667]
1,L1 LogReg::roc_auc,0.6874125913369833
1,L2 LogReg::search_on_edge,False
1,L2 LogReg::score_variation,0.09170869982074108
1,L2 LogReg::all_cv_scores,[0.79943333 0.7989     0.79963333 0.79943333 0.7995     0.79953333
 0.7996     0.79956667]
1,L2 LogReg::roc_auc,0.6874125913369833
1,Decision Tree::search_on_edge,True
1,Decision Tree::score_variation,0.6087137794454892
1,Decision Tree::all_cv_scores,[0.7995     0.7995     0.7995     0.7995     0.7995     0.7991
 0.7991     0.7991     0.7991     0.7993     0.7993     0.79836667
 0.79843333 0.7973     0.7973     0.7961     0.79623333 0.79623333
 0.7961     0.79463333]
1,Decision Tree::roc_auc,0.5911282274161355
1,Naive Bayes::search_on_edge,False
1,Naive Bayes::score_variation,0.0
1,Naive Bayes::all_cv_scores,[0.25326667]
1,Naive Bayes::roc_auc,0.647166737907753
1,Naive Bayes::search_on_edge,False
1,Naive Bayes::score_variation,0.0
1,Naive Bayes::all_cv_scores,[0.25326667]
1,Naive Bayes::roc_auc,0.647166737907753
1,L1 LogReg::search_on_edge,False
1,L1 LogReg::score_variation,0.09170869982074108
1,L1 LogReg::all_cv_scores,[0.79943333 0.7989     0.79963333 0.79943333 0.7995     0.79953333
 0.7996     0.79956667]
1,L1 LogReg::roc_auc,0.6874125913369833
1,L2 LogReg::search_on_edge,False
1,L2 LogReg::score_variation,0.09170869982074108
1,L2 LogReg::all_cv_scores,[0.79943333 0.7989     0.79963333 0.79943333 0.7995     0.79953333
 0.7996     0.79956667]
1,L2 LogReg::roc_auc,0.6874125913369833
1,Decision Tree::search_on_edge,True
1,Decision Tree::score_variation,0.6087137794454892
1,Decision Tree::all_cv_scores,[0.7995     0.7995     0.7995     0.7995     0.7995     0.7991
 0.7991     0.7991     0.7991     0.7993     0.7993     0.79836667
 0.79843333 0.7973     0.7973     0.7961     0.79623333 0.79623333
 0.7961     0.79463333]
1,Decision Tree::roc_auc,0.5911282274161355
1,Decision Tree::search_on_edge,True
1,Decision Tree::score_variation,0.6253908692933089
1,Decision Tree::all_cv_scores,[0.7995     0.7995     0.7995     0.7995     0.7995     0.7995
 0.7995     0.7995     0.7995     0.7995     0.7995     0.7995
 0.7995     0.7995     0.7995     0.7995     0.7995     0.7995
 0.7995     0.7995     0.7995     0.7995     0.7995     0.7995
 0.7995     0.7995     0.7995     0.7995     0.7995     0.7995
 0.7995     0.7995     0.7995     0.7995     0.7995     0.7995
 0.7995     0.7995     0.7995     0.7995     0.7995     0.7995
 0.7995     0.7995     0.7995     0.7995     0.7995     0.7995
 0.7995     0.7995     0.7991     0.7995     0.7995     0.7995
 0.7995     0.7995     0.7995     0.7995     0.7995     0.7995
 0.7991     0.7995     0.7995     0.7995     0.7995     0.7995
 0.7995     0.7995     0.7995     0.7995     0.7991     0.7995
 0.7995     0.7995     0.7995     0.7995     0.7995     0.7995
 0.7995     0.7995     0.7991     0.7995     0.7995     0.7995
 0.7995     0.7995     0.7995     0.7995     0.7995     0.7995
 0.79926667 0.7995     0.7995     0.7995     0.7995     0.7995
 0.7995     0.7995     0.7995     0.7995     0.79926667 0.7995
 0.7995     0.7995     0.7995     0.7995     0.7995     0.7995
 0.7995     0.7995     0.79836667 0.7995     0.7995     0.7995
 0.7995     0.7995     0.7995     0.7995     0.7995     0.7995
 0.79846667 0.7995     0.7995     0.7995     0.7995     0.7995
 0.7995     0.7995     0.7995     0.7995     0.79723333 0.7995
 0.7995     0.7995     0.7995     0.7995     0.7995     0.7995
 0.7995     0.7995     0.79733333 0.7995     0.7995     0.7995
 0.7995     0.7995     0.7995     0.7995     0.7995     0.7995
 0.79533333 0.7995     0.7995     0.7995     0.7995     0.7995
 0.7995     0.7995     0.7995     0.7995     0.79533333 0.7995
 0.7995     0.7995     0.7995     0.7995     0.7995     0.7995
 0.7995     0.7995     0.79606667 0.7995     0.7995     0.7995
 0.7995     0.7995     0.7995     0.7995     0.7995     0.7995
 0.79593333 0.7995     0.7995     0.7995     0.7995     0.7995
 0.7995     0.7995     0.7995     0.7995     0.7945     0.7995
 0.7995     0.7995     0.7995     0.7995     0.7995     0.7995
 0.7995     0.7995    ]
1,Decision Tree::roc_auc,0.5911282274161355
1,Decision Tree::search_on_edge,True
1,Decision Tree::score_variation,2.426516572858033
1,Decision Tree::all_cv_scores,[0.7801     0.7995     0.7995     0.7995     0.7995     0.7995
 0.7995     0.7995     0.7995     0.7995     0.7995     0.7995
 0.7995     0.7995     0.7995     0.7995     0.7995     0.7995
 0.7995     0.7995     0.7995     0.7995     0.7995     0.7995
 0.7995     0.7995     0.7995     0.7995     0.7995     0.7995
 0.7991     0.7995     0.7995     0.7995     0.7995     0.7995
 0.7995     0.7995     0.7995     0.7995     0.79906667 0.7995
 0.7995     0.7995     0.7995     0.7995     0.7995     0.7995
 0.7995     0.7995     0.79926667 0.7995     0.7995     0.7995
 0.7995     0.7995     0.7995     0.7995     0.7995     0.7995
 0.79843333 0.7995     0.7995     0.7995     0.7995     0.7995
 0.7995     0.7995     0.7995     0.7995     0.79726667 0.7995
 0.7995     0.7995     0.7995     0.7995     0.7995     0.7995
 0.7995     0.7995     0.79623333 0.7995     0.7995     0.7995
 0.7995     0.7995     0.7995     0.7995     0.7995     0.7995
 0.79633333 0.7995     0.7995     0.7995     0.7995     0.7995
 0.7995     0.7995     0.7995     0.7995     0.79453333 0.7995
 0.7995     0.7995     0.7995     0.7995     0.7995     0.7995
 0.7995     0.7995    ]
1,Decision Tree::roc_auc,0.6648009031709765
1,Decision Tree::search_on_edge,True
1,Decision Tree::score_variation,0.6087137794454892
1,Decision Tree::all_cv_scores,[0.7995     0.7995     0.7995     0.7995     0.7995     0.7991
 0.7991     0.7991     0.7991     0.7993     0.7993     0.79836667
 0.79843333 0.7973     0.7973     0.7961     0.79623333 0.79623333
 0.7961     0.79463333]
1,Decision Tree::roc_auc,0.5911282274161355
1,Decision Tree::search_on_edge,True
1,Decision Tree::score_variation,2.426516572858033
1,Decision Tree::all_cv_scores,[0.7801     0.79856667 0.799      0.7991     0.7991     0.7991
 0.7991     0.7991     0.7995     0.7995     0.7995     0.7995
 0.7995     0.7995     0.7995     0.7995     0.7995     0.7995
 0.7995     0.7995     0.7995     0.7995     0.7995     0.7995
 0.7995     0.7995     0.7995     0.7995     0.7995     0.7995
 0.7991     0.7991     0.7991     0.7991     0.7991     0.7991
 0.7991     0.7991     0.7995     0.7995     0.79906667 0.7991
 0.799      0.7991     0.7991     0.7991     0.7991     0.7991
 0.7995     0.7995     0.79926667 0.79936667 0.799      0.7991
 0.7991     0.7991     0.7991     0.7991     0.7995     0.7995
 0.79843333 0.7987     0.799      0.7991     0.7991     0.7991
 0.7991     0.7991     0.7995     0.7995     0.79726667 0.79863333
 0.799      0.7991     0.7991     0.7991     0.7991     0.7991
 0.7995     0.7995     0.79623333 0.79853333 0.799      0.7991
 0.7991     0.7991     0.7991     0.7991     0.7995     0.7995
 0.79633333 0.79856667 0.799      0.7991     0.7991     0.7991
 0.7991     0.7991     0.7995     0.7995     0.79453333 0.79856667
 0.799      0.7991     0.7991     0.7991     0.7991     0.7991
 0.7995     0.7995    ]
1,Decision Tree::roc_auc,0.6725414782833526
1,Decision Tree::search_on_edge,True
1,Decision Tree::score_variation,2.426516572858033
1,Decision Tree::all_cv_scores,[0.7801     0.7971     0.79856667 0.79873333 0.799      0.7991
 0.7991     0.7991     0.7991     0.7991     0.7991     0.7991
 0.7991     0.7991     0.7991     0.7991     0.7995     0.7995
 0.7995     0.7995     0.7995     0.7995     0.7995     0.7995
 0.7995     0.7995     0.7995     0.7995     0.7995     0.7995
 0.7995     0.7995     0.7995     0.7995     0.7995     0.7995
 0.7995     0.7995     0.7995     0.7995     0.7995     0.7995
 0.7995     0.7995     0.7995     0.7995     0.7995     0.7995
 0.7995     0.7995     0.7995     0.7995     0.7995     0.7995
 0.7995     0.7995     0.7995     0.7991     0.7991     0.7991
 0.7991     0.7991     0.7991     0.7991     0.7991     0.7991
 0.7991     0.7991     0.7991     0.7991     0.7991     0.7991
 0.7991     0.7995     0.7995     0.7995     0.79906667 0.7991
 0.7991     0.799      0.799      0.7991     0.7991     0.7991
 0.7991     0.7991     0.7991     0.7991     0.7991     0.7991
 0.7991     0.7991     0.7995     0.7995     0.7995     0.7993
 0.7994     0.79936667 0.7988     0.799      0.7991     0.7991
 0.7991     0.7991     0.7991     0.7991     0.7991     0.7991
 0.7991     0.7991     0.7991     0.7995     0.7995     0.7995
 0.7984     0.79843333 0.7987     0.7988     0.799      0.7991
 0.7991     0.7991     0.7991     0.7991     0.7991     0.7991
 0.7991     0.7991     0.7991     0.7991     0.7995     0.7995
 0.7995     0.7972     0.79826667 0.79863333 0.79873333 0.799
 0.7991     0.7991     0.7991     0.7991     0.7991     0.7991
 0.7991     0.7991     0.7991     0.7991     0.7991     0.7995
 0.7995     0.7995     0.7952     0.79866667 0.79853333 0.79873333
 0.799      0.7991     0.7991     0.7991     0.7991     0.7991
 0.7991     0.7991     0.7991     0.7991     0.7991     0.7991
 0.7995     0.7995     0.7995     0.79593333 0.79826667 0.79856667
 0.79873333 0.799      0.7991     0.7991     0.7991     0.7991
 0.7991     0.7991     0.7991     0.7991     0.7991     0.7991
 0.7991     0.7995     0.7995     0.7995     0.7945     0.7974
 0.79856667 0.79873333 0.799      0.7991     0.7991     0.7991
 0.7991     0.7991     0.7991     0.7991     0.7991     0.7991
 0.7991     0.7991     0.7995     0.7995     0.7995    ]
1,Decision Tree::roc_auc,0.6725414782833526
1,Decision Tree::search_on_edge,True
1,Decision Tree::score_variation,2.426516572858033
1,Decision Tree::all_cv_scores,[0.7801     0.79796667 0.7991     0.7991     0.7991     0.7991
 0.7991     0.7995     0.7995     0.7995     0.7995     0.7995
 0.7995     0.7995     0.7995     0.7995     0.7995     0.7995
 0.7995     0.7995     0.7995     0.7995     0.7995     0.7995
 0.7995     0.7995     0.7995     0.7991     0.7991     0.7991
 0.7991     0.7991     0.7991     0.7991     0.7995     0.7995
 0.79906667 0.7991     0.7991     0.7991     0.7991     0.7991
 0.7991     0.7995     0.7995     0.79926667 0.7988     0.7991
 0.7991     0.7991     0.7991     0.7991     0.7995     0.7995
 0.79843333 0.79813333 0.7991     0.7991     0.7991     0.7991
 0.7991     0.7995     0.7995     0.79716667 0.79806667 0.7991
 0.7991     0.7991     0.7991     0.7991     0.7995     0.7995
 0.7954     0.79796667 0.7991     0.7991     0.7991     0.7991
 0.7991     0.7995     0.7995     0.79626667 0.79796667 0.7991
 0.7991     0.7991     0.7991     0.7991     0.7995     0.7995
 0.7945     0.79796667 0.7991     0.7991     0.7991     0.7991
 0.7991     0.7995     0.7995    ]
1,Decision Tree::roc_auc,0.6725414782833526
1,Random Forest::search_on_edge,True
1,Random Forest::score_variation,2.5219892450706576
1,Random Forest::all_cv_scores,[0.7798     0.7995     0.7995     0.7995     0.7995     0.7995
 0.7995     0.7995     0.7995     0.7995     0.7995     0.7995
 0.7995     0.7995     0.7995     0.7995     0.7995     0.7995
 0.7995     0.7995     0.7995     0.7995     0.7995     0.7995
 0.7995     0.7995     0.7995     0.7995     0.7995     0.7995
 0.7995     0.7995     0.7995     0.7995     0.7995     0.7995
 0.7995     0.7995     0.7995     0.7995     0.7995     0.7995
 0.7995     0.7995     0.7995     0.7995     0.7995     0.7995
 0.7995     0.7995     0.7995     0.7995     0.7995     0.7995
 0.79946667 0.7995     0.7995     0.7995     0.7995     0.7995
 0.7995     0.7995     0.7995     0.7994     0.7995     0.7995
 0.7995     0.7995     0.7995     0.7995     0.7995     0.7995
 0.79916667 0.7995     0.7995     0.7995     0.7995     0.7995
 0.7995     0.7995     0.7995     0.7987     0.7995     0.7995
 0.7995     0.7995     0.7995     0.7995     0.7995     0.7995
 0.79876667 0.7995     0.7995     0.7995     0.7995     0.7995
 0.7995     0.7995     0.7995     0.77946667 0.7995     0.7995
 0.7995     0.7995     0.7995     0.7995     0.7995     0.7995
 0.7995     0.7995     0.7995     0.7995     0.7995     0.7995
 0.7995     0.7995     0.7995     0.7995     0.7995     0.7995
 0.7995     0.7995     0.7995     0.7995     0.7995     0.7995
 0.7995     0.7995     0.7995     0.7995     0.7995     0.7995
 0.7995     0.7995     0.7995     0.7995     0.7995     0.7995
 0.7995     0.7995     0.7995     0.7995     0.7995     0.7995
 0.7995     0.7995     0.7995     0.7995     0.7995     0.7995
 0.7995     0.7995     0.7995     0.79963333 0.7995     0.7995
 0.7995     0.7995     0.7995     0.7995     0.7995     0.7995
 0.7995     0.7995     0.7995     0.7995     0.7995     0.7995
 0.7995     0.7995     0.7995     0.79886667 0.7995     0.7995
 0.7995     0.7995     0.7995     0.7995     0.7995     0.7995
 0.7989     0.7995     0.7995     0.7995     0.7995     0.7995
 0.7995     0.7995     0.7995     0.79866667 0.79946667 0.7995
 0.7995     0.7995     0.7995     0.7995     0.7995     0.7995    ]
1,Random Forest::roc_auc,0.6740878751569441
1,MLPerceptron::search_on_edge,True
1,MLPerceptron::score_variation,2.472069368017334
1,MLPerceptron::all_cv_scores,[0.7986     0.79863333 0.7994     0.7995     0.79906667 0.7996
 0.79766667 0.7964     0.79623333 0.7906     0.78173333 0.77983333]
1,MLPerceptron::roc_auc,0.687358657495996
1,MLPerceptron::search_on_edge,True
1,MLPerceptron::score_variation,2.025928550585684
1,MLPerceptron::all_cv_scores,[0.7994     0.79963333 0.79923333 0.7995     0.79933333 0.79923333
 0.79713333 0.7957     0.79396667 0.7864     0.78936667 0.78343333]
1,MLPerceptron::roc_auc,0.6873928003997046
1,Naive Bayes::search_on_edge,False
1,Naive Bayes::score_variation,0.0
1,Naive Bayes::all_cv_scores,[0.38413333]
1,Naive Bayes::roc_auc,0.673136959133648
1,L1 LogReg::search_on_edge,True
1,L1 LogReg::score_variation,0.21647724907371718
1,L1 LogReg::all_cv_scores,[0.7997     0.79896667 0.8001     0.80053333 0.80066667 0.8006
 0.80066667 0.8007    ]
1,L1 LogReg::roc_auc,0.7029151280352601
1,Decision Tree::search_on_edge,True
1,Decision Tree::score_variation,12.791327913279126
1,Decision Tree::all_cv_scores,[0.69723333 0.78006667 0.79443333 0.7967     0.79793333 0.7995
 0.7995     0.7995     0.7995     0.7995     0.7995     0.7995
 0.7995     0.7995     0.7995     0.7995     0.7995     0.7995
 0.7995     0.7995     0.7995     0.7995     0.7995     0.7995
 0.7995     0.7995     0.7995     0.7995     0.7995     0.7995
 0.7995     0.7995     0.7995     0.7995     0.7995     0.7995
 0.79723333 0.79723333 0.79723333 0.79723333 0.7988     0.7995
 0.7995     0.7995     0.7995     0.79666667 0.79686667 0.79613333
 0.79726667 0.79793333 0.7995     0.7995     0.7995     0.7995
 0.79256667 0.79336667 0.79493333 0.7967     0.79793333 0.7995
 0.7995     0.7995     0.7995     0.79203333 0.79426667 0.79453333
 0.7967     0.79793333 0.7995     0.7995     0.7995     0.7995
 0.7864     0.7913     0.79453333 0.7967     0.79793333 0.7995
 0.7995     0.7995     0.7995     0.78126667 0.78903333 0.79453333
 0.7967     0.79793333 0.7995     0.7995     0.7995     0.7995
 0.7755     0.78663333 0.79443333 0.7967     0.79793333 0.7995
 0.7995     0.7995     0.7995    ]
1,Decision Tree::roc_auc,0.6659971309271577
1,Random Forest::search_on_edge,True
1,Random Forest::score_variation,0.42508856011668583
1,Random Forest::all_cv_scores,[0.79643333 0.79966667 0.7995     0.7995     0.7995     0.7995
 0.7995     0.7995     0.7995     0.7995     0.7995     0.7995
 0.7995     0.7995     0.7995     0.7995     0.7995     0.7995
 0.7995     0.7995     0.7995     0.7995     0.7995     0.7995
 0.7995     0.7995     0.7995     0.7995     0.7995     0.7995
 0.7995     0.7995     0.7995     0.7995     0.7995     0.7995
 0.7995     0.7995     0.7995     0.7995     0.7995     0.7995
 0.7995     0.7995     0.7995     0.7995     0.7995     0.7995
 0.7995     0.7995     0.7995     0.7995     0.7995     0.7995
 0.79956667 0.7995     0.7995     0.7995     0.7995     0.7995
 0.7995     0.7995     0.7995     0.79936667 0.7994     0.7995
 0.7995     0.7995     0.7995     0.7995     0.7995     0.7995
 0.7996     0.7997     0.7995     0.7995     0.7995     0.7995
 0.7995     0.7995     0.7995     0.79983333 0.7993     0.7995
 0.7995     0.7995     0.7995     0.7995     0.7995     0.7995
 0.7991     0.79933333 0.7995     0.7995     0.7995     0.7995
 0.7995     0.7995     0.7995     0.79696667 0.7992     0.79923333
 0.7995     0.7995     0.7995     0.7995     0.7995     0.7995
 0.7995     0.7995     0.7995     0.7995     0.7995     0.7995
 0.7995     0.7995     0.7995     0.7995     0.7995     0.7995
 0.7995     0.7995     0.7995     0.7995     0.7995     0.7995
 0.7995     0.7995     0.7995     0.7995     0.7995     0.7995
 0.7995     0.7995     0.7995     0.7995     0.7995     0.7995
 0.7995     0.7995     0.7995     0.7995     0.7995     0.7995
 0.7995     0.7995     0.7995     0.7995     0.7995     0.7995
 0.7995     0.7995     0.7995     0.7995     0.79953333 0.7995
 0.7995     0.7995     0.7995     0.7995     0.7995     0.7995
 0.7996     0.7995     0.79956667 0.7995     0.7995     0.7995
 0.7995     0.7995     0.7995     0.79973333 0.7996     0.7995
 0.7995     0.7995     0.7995     0.7995     0.7995     0.7995
 0.7995     0.79923333 0.79946667 0.7995     0.7995     0.7995
 0.7995     0.7995     0.7995     0.79956667 0.79953333 0.79966667
 0.7995     0.7995     0.7995     0.7995     0.7995     0.7995    ]
1,Random Forest::roc_auc,0.6975202034187673
1,lc1_only_logistic::search_on_edge,True
1,lc1_only_logistic::score_variation,0.3418803418803459
1,lc1_only_logistic::all_cv_scores,[0.7995     0.79736667 0.79686667 0.79676667 0.79676667 0.79676667
 0.79676667 0.79676667]
1,lc1_only_logistic::roc_auc,0.670512789315522
1,Naive Bayes::search_on_edge,True
1,Naive Bayes::score_variation,0.0
1,Naive Bayes::all_cv_scores,[0.7995 0.7995 0.7995 0.7995]
1,Naive Bayes::roc_auc,0.6793138458466133
1,Naive Bayes::search_on_edge,True
1,Naive Bayes::score_variation,40.841889117043124
1,Naive Bayes::all_cv_scores,[0.64933333 0.5752     0.48573333 0.38413333]
1,Naive Bayes::roc_auc,0.6731391048548065
1,Naive Bayes::search_on_edge,True
1,Naive Bayes::score_variation,47.70375748774733
1,Naive Bayes::all_cv_scores,[0.73453333 0.70303333 0.64933333 0.5752     0.48573333 0.38413333]
1,Naive Bayes::roc_auc,0.673177350566005
1,Naive Bayes::search_on_edge,True
1,Naive Bayes::score_variation,48.71155814678001
1,Naive Bayes::all_cv_scores,[0.74896667 0.74543333 0.73453333 0.70303333 0.64933333 0.5752
 0.48573333 0.38413333]
1,Naive Bayes::roc_auc,0.6764984238931412
1,Naive Bayes::search_on_edge,True
1,Naive Bayes::score_variation,0.4250098584761102
1,Naive Bayes::all_cv_scores,[0.76076667 0.75803333 0.75756667 0.75756667 0.75753333 0.75753333
 0.75753333 0.75753333]
1,Naive Bayes::roc_auc,0.6332868537119309
1,L1 LogReg::search_on_edge,True
1,L1 LogReg::score_variation,0.21647724907371718
1,L1 LogReg::all_cv_scores,[0.7997     0.79896667 0.8001     0.80053333 0.80066667 0.8006
 0.80066667 0.8007    ]
1,L1 LogReg::roc_auc,0.7029151280352601
1,Decision Tree::search_on_edge,True
1,Decision Tree::score_variation,13.621013133208256
1,Decision Tree::all_cv_scores,[0.6906     0.78043333 0.79703333 0.7995     0.7995     0.7995
 0.7995     0.7995     0.7995     0.7995     0.7995     0.7995
 0.7995     0.7995     0.7995     0.7995     0.7995     0.7995
 0.7995     0.7995     0.7995     0.7995     0.7995     0.7995
 0.7995     0.7995     0.7995     0.7995     0.7995     0.7995
 0.7995     0.7995     0.7995     0.7995     0.7995     0.7995
 0.79903333 0.79903333 0.79936667 0.7995     0.7995     0.7995
 0.7995     0.7995     0.7995     0.79683333 0.79676667 0.798
 0.7995     0.7995     0.7995     0.7995     0.7995     0.7995
 0.79593333 0.79596667 0.7978     0.7995     0.7995     0.7995
 0.7995     0.7995     0.7995     0.79076667 0.79156667 0.79726667
 0.7995     0.7995     0.7995     0.7995     0.7995     0.7995
 0.78453333 0.78643333 0.79703333 0.7995     0.7995     0.7995
 0.7995     0.7995     0.7995     0.78136667 0.786      0.79703333
 0.7995     0.7995     0.7995     0.7995     0.7995     0.7995
 0.7765     0.7832     0.79703333 0.7995     0.7995     0.7995
 0.7995     0.7995     0.7995    ]
1,Decision Tree::roc_auc,0.6225790213298202
1,Random Forest::search_on_edge,True
1,Random Forest::score_variation,0.6003502042858367
1,Random Forest::all_cv_scores,[0.79473333 0.79883333 0.7995     0.7995     0.7995     0.7995
 0.7995     0.7995     0.7995     0.7995     0.7995     0.7995
 0.7995     0.7995     0.7995     0.7995     0.7995     0.7995
 0.7995     0.7995     0.7995     0.7995     0.7995     0.7995
 0.7995     0.7995     0.7995     0.7995     0.7995     0.7995
 0.7995     0.7995     0.7995     0.7995     0.7995     0.7995
 0.7995     0.7995     0.7995     0.7995     0.7995     0.7995
 0.7995     0.7995     0.7995     0.7995     0.7995     0.7995
 0.7995     0.7995     0.7995     0.7995     0.7995     0.7995
 0.7995     0.7995     0.7995     0.7995     0.7995     0.7995
 0.7995     0.7995     0.7995     0.79953333 0.7995     0.7995
 0.7995     0.7995     0.7995     0.7995     0.7995     0.7995
 0.79943333 0.79946667 0.7995     0.7995     0.7995     0.7995
 0.7995     0.7995     0.7995     0.79936667 0.7992     0.7995
 0.7995     0.7995     0.7995     0.7995     0.7995     0.7995
 0.79886667 0.79936667 0.7995     0.7995     0.7995     0.7995
 0.7995     0.7995     0.7995     0.79586667 0.79703333 0.79923333
 0.7995     0.7995     0.7995     0.7995     0.7995     0.7995
 0.7995     0.7995     0.7995     0.7995     0.7995     0.7995
 0.7995     0.7995     0.7995     0.7995     0.7995     0.7995
 0.7995     0.7995     0.7995     0.7995     0.7995     0.7995
 0.7995     0.7995     0.7995     0.7995     0.7995     0.7995
 0.7995     0.7995     0.7995     0.7995     0.7995     0.7995
 0.7995     0.7995     0.7995     0.7995     0.7995     0.7995
 0.7995     0.7995     0.7995     0.7995     0.7995     0.7995
 0.7995     0.7995     0.7995     0.7995     0.7995     0.7995
 0.7995     0.7995     0.7995     0.7995     0.7995     0.7995
 0.7995     0.79946667 0.7995     0.7995     0.7995     0.7995
 0.7995     0.7995     0.7995     0.7995     0.79943333 0.79946667
 0.7995     0.7995     0.7995     0.7995     0.7995     0.7995
 0.7994     0.79926667 0.79933333 0.7995     0.7995     0.7995
 0.7995     0.7995     0.7995     0.79933333 0.79926667 0.79933333
 0.7995     0.7995     0.7995     0.7995     0.7995     0.7995    ]
1,Random Forest::roc_auc,0.6589066228681749
1,L1 LogReg::search_on_edge,False
1,L1 LogReg::score_variation,0.0
1,L1 LogReg::all_cv_scores,[0.8007]
1,L1 LogReg::roc_auc,0.7029151280352601
1,lc1_onlyLC_logistic::search_on_edge,True
1,lc1_onlyLC_logistic::score_variation,0.3418803418803459
1,lc1_onlyLC_logistic::all_cv_scores,[0.7995     0.79736667 0.79686667 0.79676667 0.79676667 0.79676667
 0.79676667 0.79676667]
1,lc1_onlyLC_logistic::roc_auc,0.670512789315522
1,Naive Bayes::search_on_edge,True
1,Naive Bayes::score_variation,0.4250098584761102
1,Naive Bayes::all_cv_scores,[0.76076667 0.75803333 0.75756667 0.75756667 0.75753333 0.75753333
 0.75753333 0.75753333]
1,Naive Bayes::roc_auc,0.6332868537119309
1,L1 LogReg::search_on_edge,True
1,L1 LogReg::score_variation,0.09589326662497727
1,L1 LogReg::all_cv_scores,[0.7995     0.79913333 0.79893333 0.79873333 0.7988     0.79873333
 0.79873333 0.79873333]
1,L1 LogReg::roc_auc,0.6505619997404385
1,Decision Tree::search_on_edge,True
1,Decision Tree::score_variation,13.621013133208256
1,Decision Tree::all_cv_scores,[0.6906     0.78043333 0.79703333 0.7995     0.7995     0.7995
 0.7995     0.7995     0.7995     0.7995     0.7995     0.7995
 0.7995     0.7995     0.7995     0.7995     0.7995     0.7995
 0.7995     0.7995     0.7995     0.7995     0.7995     0.7995
 0.7995     0.7995     0.7995     0.7995     0.7995     0.7995
 0.7995     0.7995     0.7995     0.7995     0.7995     0.7995
 0.79903333 0.79903333 0.79936667 0.7995     0.7995     0.7995
 0.7995     0.7995     0.7995     0.79683333 0.79676667 0.798
 0.7995     0.7995     0.7995     0.7995     0.7995     0.7995
 0.79593333 0.79596667 0.7978     0.7995     0.7995     0.7995
 0.7995     0.7995     0.7995     0.79076667 0.79156667 0.79726667
 0.7995     0.7995     0.7995     0.7995     0.7995     0.7995
 0.78453333 0.78643333 0.79703333 0.7995     0.7995     0.7995
 0.7995     0.7995     0.7995     0.78136667 0.786      0.79703333
 0.7995     0.7995     0.7995     0.7995     0.7995     0.7995
 0.7765     0.7832     0.79703333 0.7995     0.7995     0.7995
 0.7995     0.7995     0.7995    ]
1,Decision Tree::roc_auc,0.6225790213298202
1,Random Forest::search_on_edge,True
1,Random Forest::score_variation,0.6003502042858367
1,Random Forest::all_cv_scores,[0.79473333 0.79883333 0.7995     0.7995     0.7995     0.7995
 0.7995     0.7995     0.7995     0.7995     0.7995     0.7995
 0.7995     0.7995     0.7995     0.7995     0.7995     0.7995
 0.7995     0.7995     0.7995     0.7995     0.7995     0.7995
 0.7995     0.7995     0.7995     0.7995     0.7995     0.7995
 0.7995     0.7995     0.7995     0.7995     0.7995     0.7995
 0.7995     0.7995     0.7995     0.7995     0.7995     0.7995
 0.7995     0.7995     0.7995     0.7995     0.7995     0.7995
 0.7995     0.7995     0.7995     0.7995     0.7995     0.7995
 0.7995     0.7995     0.7995     0.7995     0.7995     0.7995
 0.7995     0.7995     0.7995     0.79953333 0.7995     0.7995
 0.7995     0.7995     0.7995     0.7995     0.7995     0.7995
 0.79943333 0.79946667 0.7995     0.7995     0.7995     0.7995
 0.7995     0.7995     0.7995     0.79936667 0.7992     0.7995
 0.7995     0.7995     0.7995     0.7995     0.7995     0.7995
 0.79886667 0.79936667 0.7995     0.7995     0.7995     0.7995
 0.7995     0.7995     0.7995     0.79586667 0.79703333 0.79923333
 0.7995     0.7995     0.7995     0.7995     0.7995     0.7995
 0.7995     0.7995     0.7995     0.7995     0.7995     0.7995
 0.7995     0.7995     0.7995     0.7995     0.7995     0.7995
 0.7995     0.7995     0.7995     0.7995     0.7995     0.7995
 0.7995     0.7995     0.7995     0.7995     0.7995     0.7995
 0.7995     0.7995     0.7995     0.7995     0.7995     0.7995
 0.7995     0.7995     0.7995     0.7995     0.7995     0.7995
 0.7995     0.7995     0.7995     0.7995     0.7995     0.7995
 0.7995     0.7995     0.7995     0.7995     0.7995     0.7995
 0.7995     0.7995     0.7995     0.7995     0.7995     0.7995
 0.7995     0.79946667 0.7995     0.7995     0.7995     0.7995
 0.7995     0.7995     0.7995     0.7995     0.79943333 0.79946667
 0.7995     0.7995     0.7995     0.7995     0.7995     0.7995
 0.7994     0.79926667 0.79933333 0.7995     0.7995     0.7995
 0.7995     0.7995     0.7995     0.79933333 0.79926667 0.79933333
 0.7995     0.7995     0.7995     0.7995     0.7995     0.7995    ]
1,Random Forest::roc_auc,0.6589066228681749
1,L1 LogReg::search_on_edge,True
1,L1 LogReg::score_variation,0.21647724907371718
1,L1 LogReg::all_cv_scores,[0.7997     0.79896667 0.8001     0.80053333 0.80066667 0.8006
 0.80066667 0.8007    ]
1,L1 LogReg::roc_auc,0.7029151280352601
1,L1 LogReg::search_on_edge,False
1,L1 LogReg::score_variation,0.0
1,L1 LogReg::all_cv_scores,[0.82244444]
1,L1 LogReg::roc_auc,0.7133725950384667
1,L1 LogReg::search_on_edge,False
1,L1 LogReg::score_variation,0.0
1,L1 LogReg::all_cv_scores,[0.82244444]
1,L1 LogReg::roc_auc,0.6826456319308463
1,L1 LogReg::search_on_edge,False
1,L1 LogReg::score_variation,0.0
1,L1 LogReg::all_cv_scores,[0.82244444]
1,L1 LogReg::roc_auc,0.6360035875170713
1,L1 LogReg::search_on_edge,True
1,L1 LogReg::score_variation,0.21647724907371718
1,L1 LogReg::all_cv_scores,[0.7997     0.79896667 0.8001     0.80053333 0.80066667 0.8006
 0.80066667 0.8007    ]
1,L1 LogReg::roc_auc,0.7029151280352601
1,Time stability test: 2016 to 2017::search_on_edge,False
1,Time stability test: 2016 to 2017::score_variation,0.0
1,Time stability test: 2016 to 2017::all_cv_scores,[0.89897959]
1,Time stability test: 2016 to 2017::roc_auc,0.5916140307868147
